        "非永久卡摊销": {
          "decorateCostCarryover": {
            "2016": [
              0,
              14.124293785254237,
              28.248587570508473,
              42.37288135576271,
              56.497175141016946,
              70.62146892627118,
              84.74576271152542,
              98.87005649677965,
              112.99435028203389,
              127.11864406728813,
              141.24293785254235,
              155.36723163779658
            ],
            "2017": [
              169.4915254230508,
              183.61581920830503,
              197.74011299355925,
              211.86440677881347,
              225.9887005640677,
              240.11299434932192,
              254.23728813457615,
              268.36158191983037,
              282.4858757050846,
              296.6101694903388,
              310.73446327559304,
              324.85875706084727
            ],
            "2018": [
              338.9830508461015,
              353.1073446313557,
              367.23163841660994,
              381.35593220186416,
              395.4802259871184,
              409.6045197723726,
              423.72881355762684,
              437.85310734288106,
              451.9774011281353,
              466.1016949133895,
              480.22598869864373,
              494.35028248389796
            ],
            "2019": [
              508.4745762691522,
              522.5988700544065,
              536.7231638396607,
              550.847457624915,
              564.9717514101693,
              579.0960451954236,
              593.2203389806779,
              607.3446327659321,
              621.4689265511864,
              635.5932203364407,
              649.717514121695,
              663.8418079069493
            ],
            "2020": [
              677.9661016922036,
              692.0903954774578,
              706.2146892627121,
              720.3389830479664,
              734.4632768332207,
              748.587570618475,
              762.7118644037292,
              776.8361581889835,
              790.9604519742378,
              805.0847457594921,
              819.2090395447464,
              0
            ]
          },
          "status": 0
        },
        "永久卡摊销": {
          "decorateCostCarryover": {
            "2016": [
              0,
              14.124293785254237,
              28.248587570508473,
              42.37288135576271,
              56.497175141016946,
              70.62146892627118,
              84.74576271152542,
              98.87005649677965,
              112.99435028203389,
              127.11864406728813,
              141.24293785254235,
              155.36723163779658
            ],
            "2017": [
              169.4915254230508,
              183.61581920830503,
              197.74011299355925,
              211.86440677881347,
              225.9887005640677,
              240.11299434932192,
              254.23728813457615,
              268.36158191983037,
              282.4858757050846,
              296.6101694903388,
              310.73446327559304,
              324.85875706084727
            ],
            "2018": [
              338.9830508461015,
              353.1073446313557,
              367.23163841660994,
              381.35593220186416,
              395.4802259871184,
              409.6045197723726,
              423.72881355762684,
              437.85310734288106,
              451.9774011281353,
              466.1016949133895,
              480.22598869864373,
              494.35028248389796
            ],
            "2019": [
              508.4745762691522,
              522.5988700544065,
              536.7231638396607,
              550.847457624915,
              564.9717514101693,
              579.0960451954236,
              593.2203389806779,
              607.3446327659321,
              621.4689265511864,
              635.5932203364407,
              649.717514121695,
              663.8418079069493
            ],
            "2020": [
              677.9661016922036,
              692.0903954774578,
              706.2146892627121,
              720.3389830479664,
              734.4632768332207,
              748.587570618475,
              762.7118644037292,
              776.8361581889835,
              790.9604519742378,
              805.0847457594921,
              819.2090395447464,
              0
            ]
          },
          "status": 0
        }
      }
    },