  "addonOutput租金和物业费": {
    "tenants": [
      {
        "guid": "9aif57by8",
        "occupancyRate": {
          "2018": [
            0,
            0,
            0,
            0,
            0,
            0,
            0,
            0,
            0,
            0.8,
            0.8,
            0.8
          ],
          "2019": [
            0.8,
            0.8,
            0.8,
            0.8,
            0.8,
            0.8,
            0.8,
            0.8,
            0.8,
            0.9,
            0.9,
            0.9
          ],
          "2020": [
            0.9,
            0.9,
            0.9,
            0.9,
            0.9,
            0.9,
            0.9,
            0.9,
            0.9,
            0.7,
            0.7,
            0.7
          ],
          "2021": [
            0.7,
            0.7,
            0.7,
            0.7,
            0.7,
            0.7,
            0.7,
            0.7,
            0.7,
            1,
            1,
            1
          ],
          "2022": [
            1,
            1,
            1,
            1,
            1,
            1,
            1,
            1,
            1,
            1,
            1,
            1
          ],
          "2023": [
            1,
            1,
            1,
            1,
            1,
            1,
            1,
            1,
            1,
            1,
            1,
            1
          ],
          "2024": [
            1,
            1,
            1,
            1,
            1,
            1,
            1,
            1,
            1,
            1,
            1,
            1
          ],
          "2025": [
            1,
            1,
            1,
            1,
            1,
            1,
            1,
            1,
            1,
            1,
            1,
            1
          ],
          "2026": [
            1,
            1,
            1,
            1,
            1,
            1,
            1,
            1,
            1,
            1,
            1,
            1
          ],
          "2027": [
            1,
            1,
            1,
            1,
            1,
            1,
            1,
            1,
            1,
            1,
            1,
            1
          ],
          "2028": [
            1,
            1,
            1,
            1,
            1,
            1,
            1,
            1,
            1,
            1,
            0,
            0
          ]
        },
        "retentionRate": {
          "2018": [
            0,
            0,
            0,
            0,
            0,
            0,
            0,
            0,
            0,
            0,
            0,
            0
          ],
          "2019": [
            0,
            0,
            0,
            0,
            0,
            0,
            0,
            0,
            0,
            0,
            0,
            0
          ],
          "2020": [
            0,
            0,
            0,
            0,
            0,
            0,
            0,
            0,
            0,
            0,
            0,
            0
          ],
          "2021": [
            0,
            0,
            0,
            0,
            0,
            0,
            0,
            0,
            0,
            0,
            0,
            0
          ],
          "2022": [
            0,
            0,
            0,
            0,
            0,
            0,
            0,
            0,
            0,
            0,
            0,
            0
          ],
          "2023": [
            0,
            0,
            0,
            0,
            0,
            0,
            0,
            0,
            0,
            0,
            0,
            0
          ],
          "2024": [
            0,
            0,
            0,
            0,
            0,
            0,
            0,
            0,
            0,
            0,
            0,
            0
          ],
          "2025": [
            0,
            0,
            0,
            0,
            0,
            0,
            0,
            0,
            0,
            0,
            0,
            0
          ],
          "2026": [
            0,
            0,
            0,
            0,
            0,
            0,
            0,
            0,
            0,
            0,
            0,
            0
          ],
          "2027": [
            0,
            0,
            0,
            0,
            0,
            0,
            0,
            0,
            0,
            0,
            0,
            0
          ],
          "2028": [
            0,
            0,
            0,
            0,
            0,
            0,
            0,
            0,
            0,
            0,
            0,
            0
          ]
        },
        "rentFreeChance": {
          "2018": [
            0,
            0,
            0,
            0,
            0,
            0,
            0,
            0,
            0,
            0.8,
            0.8,
            0.8
          ],
          "2019": [
            0.8,
            0.8,
            0.8,
            0,
            0,
            0,
            0,
            0,
            0,
            0.09999999999999998,
            0.09999999999999998,
            0.09999999999999998
          ],
          "2020": [
            0.09999999999999998,
            0.09999999999999998,
            0.09999999999999998,
            0,
            0,
            0,
            0,
            0,
            0,
            0,
            0,
            0
          ],
          "2021": [
            0,
            0,
            0,
            0,
            0,
            0,
            0,
            0,
            0,
            1,
            1,
            1
          ],
          "2022": [
            1,
            1,
            1,
            0,
            0,
            0,
            0,
            0,
            0,
            0,
            0,
            0
          ],
          "2023": [
            0,
            0,
            0,
            0,
            0,
            0,
            0,
            0,
            0,
            0,
            0,
            0
          ],
          "2024": [
            0,
            0,
            0,
            0,
            0,
            0,
            0,
            0,
            0,
            1,
            1,
            1
          ],
          "2025": [
            1,
            1,
            1,
            0,
            0,
            0,
            0,
            0,
            0,
            0,
            0,
            0
          ],
          "2026": [
            0,
            0,
            0,
            0,
            0,
            0,
            0,
            0,
            0,
            0,
            0,
            0
          ],
          "2027": [
            0,
            0,
            0,
            0,
            0,
            0,
            0,
            0,
            0,
            1,
            1,
            1
          ],
          "2028": [
            1,
            1,
            1,
            0,
            0,
            0,
            0,
            0,
            0,
            0,
            0,
            0
          ]
        },
        "downtimeChance": {
          "2018": [
            0,
            0,
            0,
            0,
            0,
            0,
            0,
            0,
            0,
            0,
            0,
            0
          ],
          "2019": [
            0,
            0,
            0,
            0,
            0,
            0,
            0,
            0,
            0,
            0,
            0,
            0
          ],
          "2020": [
            0,
            0,
            0,
            0,
            0,
            0,
            0,
            0,
            0,
            0,
            0,
            0
          ],
          "2021": [
            0,
            0,
            0,
            0,
            0,
            0,
            0,
            0,
            0,
            0,
            1,
            2
          ],
          "2022": [
            3,
            4,
            5,
            6,
            5,
            4,
            3,
            2,
            1,
            0,
            0,
            0
          ],
          "2023": [
            0,
            0,
            0,
            0,
            0,
            0,
            0,
            0,
            0,
            0,
            0,
            0
          ],
          "2024": [
            0,
            0,
            0,
            0,
            0,
            0,
            0,
            0,
            0,
            0,
            1,
            2
          ],
          "2025": [
            3,
            4,
            5,
            6,
            5,
            4,
            3,
            2,
            1,
            0,
            0,
            0
          ],
          "2026": [
            0,
            0,
            0,
            0,
            0,
            0,
            0,
            0,
            0,
            0,
            0,
            0
          ],
          "2027": [
            0,
            0,
            0,
            0,
            0,
            0,
            0,
            0,
            0,
            0,
            1,
            2
          ],
          "2028": [
            3,
            4,
            5,
            6,
            5,
            4,
            3,
            2,
            1,
            0,
            0,
            0
          ]
        },
        "projectRental": {
          "2018": [
            0,
            0,
            0,
            0,
            0,
            0,
            0,
            0,
            0,
            25,
            25,
            25
          ],
          "2019": [
            25,
            25,
            25,
            25,
            25,
            25,
            25,
            25,
            25,
            25.5,
            25.5,
            25.5
          ],
          "2020": [
            25.5,
            25.5,
            25.5,
            25.5,
            25.5,
            25.5,
            25.5,
            25.5,
            25.5,
            26.01,
            26.01,
            26.01
          ],
          "2021": [
            26.01,
            26.01,
            26.01,
            26.01,
            26.01,
            26.01,
            26.01,
            26.01,
            26.01,
            29.183220000000002,
            29.183220000000002,
            29.183220000000002
          ],
          "2022": [
            29.183220000000002,
            29.183220000000002,
            29.183220000000002,
            29.183220000000002,
            29.183220000000002,
            29.183220000000002,
            29.183220000000002,
            29.183220000000002,
            29.183220000000002,
            29.766884400000002,
            29.766884400000002,
            29.766884400000002
          ],
          "2023": [
            29.766884400000002,
            29.766884400000002,
            29.766884400000002,
            29.766884400000002,
            29.766884400000002,
            29.766884400000002,
            29.766884400000002,
            29.766884400000002,
            29.766884400000002,
            30.362222088000003,
            30.362222088000003,
            30.362222088000003
          ],
          "2024": [
            30.362222088000003,
            30.362222088000003,
            30.362222088000003,
            30.362222088000003,
            30.362222088000003,
            30.362222088000003,
            30.362222088000003,
            30.362222088000003,
            30.362222088000003,
            30.969466529760005,
            30.969466529760005,
            30.969466529760005
          ],
          "2025": [
            30.969466529760005,
            30.969466529760005,
            30.969466529760005,
            30.969466529760005,
            30.969466529760005,
            30.969466529760005,
            30.969466529760005,
            30.969466529760005,
            30.969466529760005,
            31.588855860355206,
            31.588855860355206,
            31.588855860355206
          ],
          "2026": [
            31.588855860355206,
            31.588855860355206,
            31.588855860355206,
            31.588855860355206,
            31.588855860355206,
            31.588855860355206,
            31.588855860355206,
            31.588855860355206,
            31.588855860355206,
            32.22063297756231,
            32.22063297756231,
            32.22063297756231
          ],
          "2027": [
            32.22063297756231,
            32.22063297756231,
            32.22063297756231,
            32.22063297756231,
            32.22063297756231,
            32.22063297756231,
            32.22063297756231,
            32.22063297756231,
            32.22063297756231,
            32.86504563711355,
            32.86504563711355,
            32.86504563711355
          ],
          "2028": [
            32.86504563711355,
            32.86504563711355,
            32.86504563711355,
            32.86504563711355,
            32.86504563711355,
            32.86504563711355,
            32.86504563711355,
            32.86504563711355,
            32.86504563711355,
            33.522346549855826,
            0,
            0
          ]
        },
        "managementFee": {
          "2018": [
            0,
            0,
            0,
            0,
            0,
            0,
            0,
            0,
            0,
            1,
            1,
            1
          ],
          "2019": [
            1,
            1,
            1,
            1,
            1,
            1,
            1,
            1,
            1,
            1.03,
            1.03,
            1.03
          ],
          "2020": [
            1.03,
            1.03,
            1.03,
            1.03,
            1.03,
            1.03,
            1.03,
            1.03,
            1.03,
            1.0609,
            1.0609,
            1.0609
          ],
          "2021": [
            1.0609,
            1.0609,
            1.0609,
            1.0609,
            1.0609,
            1.0609,
            1.0609,
            1.0609,
            1.0609,
            1.092727,
            1.092727,
            1.092727
          ],
          "2022": [
            1.092727,
            1.092727,
            1.092727,
            1.092727,
            1.092727,
            1.092727,
            1.092727,
            1.092727,
            1.092727,
            1.1255088100000001,
            1.1255088100000001,
            1.1255088100000001
          ],
          "2023": [
            1.1255088100000001,
            1.1255088100000001,
            1.1255088100000001,
            1.1255088100000001,
            1.1255088100000001,
            1.1255088100000001,
            1.1255088100000001,
            1.1255088100000001,
            1.1255088100000001,
            1.1592740743,
            1.1592740743,
            1.1592740743
          ],
          "2024": [
            1.1592740743,
            1.1592740743,
            1.1592740743,
            1.1592740743,
            1.1592740743,
            1.1592740743,
            1.1592740743,
            1.1592740743,
            1.1592740743,
            1.1940522965290001,
            1.1940522965290001,
            1.1940522965290001
          ],
          "2025": [
            1.1940522965290001,
            1.1940522965290001,
            1.1940522965290001,
            1.1940522965290001,
            1.1940522965290001,
            1.1940522965290001,
            1.1940522965290001,
            1.1940522965290001,
            1.1940522965290001,
            1.2298738654248702,
            1.2298738654248702,
            1.2298738654248702
          ],
          "2026": [
            1.2298738654248702,
            1.2298738654248702,
            1.2298738654248702,
            1.2298738654248702,
            1.2298738654248702,
            1.2298738654248702,
            1.2298738654248702,
            1.2298738654248702,
            1.2298738654248702,
            1.2667700813876164,
            1.2667700813876164,
            1.2667700813876164
          ],
          "2027": [
            1.2667700813876164,
            1.2667700813876164,
            1.2667700813876164,
            1.2667700813876164,
            1.2667700813876164,
            1.2667700813876164,
            1.2667700813876164,
            1.2667700813876164,
            1.2667700813876164,
            1.304773183829245,
            1.304773183829245,
            1.304773183829245
          ],
          "2028": [
            1.304773183829245,
            1.304773183829245,
            1.304773183829245,
            1.304773183829245,
            1.304773183829245,
            1.304773183829245,
            1.304773183829245,
            1.304773183829245,
            1.304773183829245,
            1.3439163793441222,
            0,
            0
          ]
        },
        "vacancyAllowance": {
          "2018": [
            0,
            0,
            0,
            0,
            0,
            0,
            0,
            0,
            0,
            334619.99999999994,
            334619.99999999994,
            334619.99999999994
          ],
          "2019": [
            334619.99999999994,
            334619.99999999994,
            334619.99999999994,
            334619.99999999994,
            334619.99999999994,
            334619.99999999994,
            334619.99999999994,
            334619.99999999994,
            334619.99999999994,
            170656.19999999995,
            170656.19999999995,
            170656.19999999995
          ],
          "2020": [
            170656.19999999995,
            170656.19999999995,
            170656.19999999995,
            170656.19999999995,
            170656.19999999995,
            170656.19999999995,
            170656.19999999995,
            170656.19999999995,
            170656.19999999995,
            522207.97200000007,
            522207.97200000007,
            522207.97200000007
          ],
          "2021": [
            522207.97200000007,
            522207.97200000007,
            522207.97200000007,
            522207.97200000007,
            522207.97200000007,
            522207.97200000007,
            522207.97200000007,
            522207.97200000007,
            522207.97200000007,
            0,
            0,
            0
          ],
          "2022": [
            0,
            0,
            0,
            0,
            0,
            0,
            0,
            0,
            0,
            0,
            0,
            0
          ],
          "2023": [
            0,
            0,
            0,
            0,
            0,
            0,
            0,
            0,
            0,
            0,
            0,
            0
          ],
          "2024": [
            0,
            0,
            0,
            0,
            0,
            0,
            0,
            0,
            0,
            0,
            0,
            0
          ],
          "2025": [
            0,
            0,
            0,
            0,
            0,
            0,
            0,
            0,
            0,
            0,
            0,
            0
          ],
          "2026": [
            0,
            0,
            0,
            0,
            0,
            0,
            0,
            0,
            0,
            0,
            0,
            0
          ],
          "2027": [
            0,
            0,
            0,
            0,
            0,
            0,
            0,
            0,
            0,
            0,
            0,
            0
          ],
          "2028": [
            0,
            0,
            0,
            0,
            0,
            0,
            0,
            0,
            0,
            0,
            0,
            0
          ]
        },
        "rentFreeAllowance": {
          "2018": [
            0,
            0,
            0,
            0,
            0,
            0,
            0,
            0,
            0,
            1338480,
            1338480,
            1338480
          ],
          "2019": [
            1338480,
            1338480,
            1338480,
            0,
            0,
            0,
            0,
            0,
            0,
            170656.19999999995,
            170656.19999999995,
            170656.19999999995
          ],
          "2020": [
            170656.19999999995,
            170656.19999999995,
            170656.19999999995,
            0,
            0,
            0,
            0,
            0,
            0,
            0,
            0,
            0
          ],
          "2021": [
            0,
            0,
            0,
            0,
            0,
            0,
            0,
            0,
            0,
            1953057.8152800002,
            1953057.8152800002,
            1953057.8152800002
          ],
          "2022": [
            1953057.8152800002,
            1953057.8152800002,
            1953057.8152800002,
            0,
            0,
            0,
            0,
            0,
            0,
            0,
            0,
            0
          ],
          "2023": [
            0,
            0,
            0,
            0,
            0,
            0,
            0,
            0,
            0,
            0,
            0,
            0
          ],
          "2024": [
            0,
            0,
            0,
            0,
            0,
            0,
            0,
            0,
            0,
            2072600.5780376585,
            2072600.5780376585,
            2072600.5780376585
          ],
          "2025": [
            2072600.5780376585,
            2072600.5780376585,
            2072600.5780376585,
            0,
            0,
            0,
            0,
            0,
            0,
            0,
            0,
            0
          ],
          "2026": [
            0,
            0,
            0,
            0,
            0,
            0,
            0,
            0,
            0,
            0,
            0,
            0
          ],
          "2027": [
            0,
            0,
            0,
            0,
            0,
            0,
            0,
            0,
            0,
            2199460.3142181877,
            2199460.3142181877,
            2199460.3142181877
          ],
          "2028": [
            2199460.3142181877,
            2199460.3142181877,
            2199460.3142181877,
            0,
            0,
            0,
            0,
            0,
            0,
            0,
            0,
            0
          ]
        },
        "downtimeAllowance": {
          "2018": [
            0,
            0,
            0,
            0,
            0,
            0,
            0,
            0,
            0,
            0,
            0,
            0
          ],
          "2019": [
            0,
            0,
            0,
            0,
            0,
            0,
            0,
            0,
            0,
            0,
            0,
            0
          ],
          "2020": [
            0,
            0,
            0,
            0,
            0,
            0,
            0,
            0,
            0,
            0,
            0,
            0
          ],
          "2021": [
            0,
            0,
            0,
            0,
            0,
            0,
            0,
            0,
            0,
            0,
            1953057.8152800002,
            3906115.6305600004
          ],
          "2022": [
            5859173.445840001,
            7812231.261120001,
            9765289.0764,
            11718346.891680002,
            9765289.0764,
            7812231.261120001,
            5859173.445840001,
            3906115.6305600004,
            1953057.8152800002,
            0,
            0,
            0
          ],
          "2023": [
            0,
            0,
            0,
            0,
            0,
            0,
            0,
            0,
            0,
            0,
            0,
            0
          ],
          "2024": [
            0,
            0,
            0,
            0,
            0,
            0,
            0,
            0,
            0,
            0,
            2072600.5780376585,
            4145201.156075317
          ],
          "2025": [
            6217801.734112975,
            8290402.312150634,
            10363002.890188292,
            12435603.46822595,
            10363002.890188292,
            8290402.312150634,
            6217801.734112975,
            4145201.156075317,
            2072600.5780376585,
            0,
            0,
            0
          ],
          "2026": [
            0,
            0,
            0,
            0,
            0,
            0,
            0,
            0,
            0,
            0,
            0,
            0
          ],
          "2027": [
            0,
            0,
            0,
            0,
            0,
            0,
            0,
            0,
            0,
            0,
            2199460.3142181877,
            4398920.628436375
          ],
          "2028": [
            6598380.942654563,
            8797841.25687275,
            10997301.571090939,
            13196761.885309126,
            10997301.571090939,
            8797841.25687275,
            6598380.942654563,
            4398920.628436375,
            2199460.3142181877,
            0,
            0,
            0
          ]
        }
      }
    ],
    "officeAverageOccupancyRate": {
      "2018": [
        0,
        0,
        0,
        0,
        0,
        0,
        0,
        0,
        0,
        0.8,
        0.8,
        0.8
      ],
      "2019": [
        0.8,
        0.8,
        0.8,
        0.8,
        0.8,
        0.8,
        0.8,
        0.8,
        0.8,
        0.9,
        0.9,
        0.9
      ],
      "2020": [
        0.9,
        0.9,
        0.9,
        0.9,
        0.9,
        0.9,
        0.9,
        0.9,
        0.9,
        0.7,
        0.7,
        0.7
      ],
      "2021": [
        0.7,
        0.7,
        0.7,
        0.7,
        0.7,
        0.7,
        0.7,
        0.7,
        0.7,
        1,
        1,
        1
      ],
      "2022": [
        1,
        1,
        1,
        1,
        1,
        1,
        1,
        1,
        1,
        1,
        1,
        1
      ],
      "2023": [
        1,
        1,
        1,
        1,
        1,
        1,
        1,
        1,
        1,
        1,
        1,
        1
      ],
      "2024": [
        1,
        1,
        1,
        1,
        1,
        1,
        1,
        1,
        1,
        1,
        1,
        1
      ],
      "2025": [
        1,
        1,
        1,
        1,
        1,
        1,
        1,
        1,
        1,
        1,
        1,
        1
      ],
      "2026": [
        1,
        1,
        1,
        1,
        1,
        1,
        1,
        1,
        1,
        1,
        1,
        1
      ],
      "2027": [
        1,
        1,
        1,
        1,
        1,
        1,
        1,
        1,
        1,
        1,
        1,
        1
      ],
      "2028": [
        1,
        1,
        1,
        1,
        1,
        1,
        1,
        1,
        1,
        1,
        0,
        0
      ]
    },
    "status": 1
  },
  "addonOutput补贴和其他率": {
    "tenants": [
      {
        "guid": "9aif57by8",
        "occupancyRate": {
          "2018": [
            0,
            0,
            0,
            0,
            0,
            0,
            0,
            0,
            0,
            0.8,
            0.8,
            0.8
          ],
          "2019": [
            0.8,
            0.8,
            0.8,
            0.8,
            0.8,
            0.8,
            0.8,
            0.8,
            0.8,
            0.9,
            0.9,
            0.9
          ],
          "2020": [
            0.9,
            0.9,
            0.9,
            0.9,
            0.9,
            0.9,
            0.9,
            0.9,
            0.9,
            0.7,
            0.7,
            0.7
          ],
          "2021": [
            0.7,
            0.7,
            0.7,
            0.7,
            0.7,
            0.7,
            0.7,
            0.7,
            0.7,
            1,
            1,
            1
          ],
          "2022": [
            1,
            1,
            1,
            1,
            1,
            1,
            1,
            1,
            1,
            1,
            1,
            1
          ],
          "2023": [
            1,
            1,
            1,
            1,
            1,
            1,
            1,
            1,
            1,
            1,
            1,
            1
          ],
          "2024": [
            1,
            1,
            1,
            1,
            1,
            1,
            1,
            1,
            1,
            1,
            1,
            1
          ],
          "2025": [
            1,
            1,
            1,
            1,
            1,
            1,
            1,
            1,
            1,
            1,
            1,
            1
          ],
          "2026": [
            1,
            1,
            1,
            1,
            1,
            1,
            1,
            1,
            1,
            1,
            1,
            1
          ],
          "2027": [
            1,
            1,
            1,
            1,
            1,
            1,
            1,
            1,
            1,
            1,
            1,
            1
          ],
          "2028": [
            1,
            1,
            1,
            1,
            1,
            1,
            1,
            1,
            1,
            1,
            0,
            0
          ]
        },
        "retentionRate": {
          "2018": [
            0,
            0,
            0,
            0,
            0,
            0,
            0,
            0,
            0,
            0,
            0,
            0
          ],
          "2019": [
            0,
            0,
            0,
            0,
            0,
            0,
            0,
            0,
            0,
            0,
            0,
            0
          ],
          "2020": [
            0,
            0,
            0,
            0,
            0,
            0,
            0,
            0,
            0,
            0,
            0,
            0
          ],
          "2021": [
            0,
            0,
            0,
            0,
            0,
            0,
            0,
            0,
            0,
            0.8,
            0,
            0
          ],
          "2022": [
            0,
            0,
            0,
            0,
            0,
            0,
            0,
            0,
            0,
            0,
            0,
            0
          ],
          "2023": [
            0,
            0,
            0,
            0,
            0,
            0,
            0,
            0,
            0,
            0,
            0,
            0
          ],
          "2024": [
            0,
            0,
            0,
            0,
            0,
            0,
            0,
            0,
            0,
            0.8,
            0,
            0
          ],
          "2025": [
            0,
            0,
            0,
            0,
            0,
            0,
            0,
            0,
            0,
            0,
            0,
            0
          ],
          "2026": [
            0,
            0,
            0,
            0,
            0,
            0,
            0,
            0,
            0,
            0,
            0,
            0
          ],
          "2027": [
            0,
            0,
            0,
            0,
            0,
            0,
            0,
            0,
            0,
            0.8,
            0,
            0
          ],
          "2028": [
            0,
            0,
            0,
            0,
            0,
            0,
            0,
            0,
            0,
            0,
            0,
            0
          ]
        },
        "rentFreeChance": {
          "2018": [
            0,
            0,
            0,
            0,
            0,
            0,
            0,
            0,
            0,
            0.8,
            0.8,
            0.8
          ],
          "2019": [
            0.8,
            0.8,
            0.8,
            0,
            0,
            0,
            0,
            0,
            0,
            0.09999999999999998,
            0.09999999999999998,
            0.09999999999999998
          ],
          "2020": [
            0.09999999999999998,
            0.09999999999999998,
            0.09999999999999998,
            0,
            0,
            0,
            0,
            0,
            0,
            0,
            0,
            0
          ],
          "2021": [
            0,
            0,
            0,
            0,
            0,
            0,
            0,
            0,
            0,
            0.44000000000000006,
            0.44000000000000006,
            0.44000000000000006
          ],
          "2022": [
            0.44000000000000006,
            0.44000000000000006,
            0.44000000000000006,
            0,
            0,
            0,
            0,
            0,
            0,
            0,
            0,
            0
          ],
          "2023": [
            0,
            0,
            0,
            0,
            0,
            0,
            0,
            0,
            0,
            0,
            0,
            0
          ],
          "2024": [
            0,
            0,
            0,
            0,
            0,
            0,
            0,
            0,
            0,
            0.19999999999999996,
            0.19999999999999996,
            0.19999999999999996
          ],
          "2025": [
            0.19999999999999996,
            0.19999999999999996,
            0.19999999999999996,
            0,
            0,
            0,
            0,
            0,
            0,
            0,
            0,
            0
          ],
          "2026": [
            0,
            0,
            0,
            0,
            0,
            0,
            0,
            0,
            0,
            0,
            0,
            0
          ],
          "2027": [
            0,
            0,
            0,
            0,
            0,
            0,
            0,
            0,
            0,
            0.19999999999999996,
            0.19999999999999996,
            0.19999999999999996
          ],
          "2028": [
            0.19999999999999996,
            0.19999999999999996,
            0.19999999999999996,
            0,
            0,
            0,
            0,
            0,
            0,
            0,
            0,
            0
          ]
        },
        "rentFreeCalc": {
          "2018": [
            0,
            0,
            0,
            0,
            0,
            0,
            0,
            0,
            0,
            0.8,
            0,
            0
          ],
          "2019": [
            0,
            0,
            0,
            0,
            0,
            0,
            0,
            0,
            0,
            0.09999999999999998,
            0,
            0
          ],
          "2020": [
            0,
            0,
            0,
            0,
            0,
            0,
            0,
            0,
            0,
            -0.20000000000000007,
            0,
            0
          ],
          "2021": [
            0,
            0,
            0,
            0,
            0,
            0,
            0,
            0,
            0,
            0.44000000000000006,
            0,
            0
          ],
          "2022": [
            0,
            0,
            0,
            0,
            0,
            0,
            0,
            0,
            0,
            0,
            0,
            0
          ],
          "2023": [
            0,
            0,
            0,
            0,
            0,
            0,
            0,
            0,
            0,
            0,
            0,
            0
          ],
          "2024": [
            0,
            0,
            0,
            0,
            0,
            0,
            0,
            0,
            0,
            0.19999999999999996,
            0,
            0
          ],
          "2025": [
            0,
            0,
            0,
            0,
            0,
            0,
            0,
            0,
            0,
            0,
            0,
            0
          ],
          "2026": [
            0,
            0,
            0,
            0,
            0,
            0,
            0,
            0,
            0,
            0,
            0,
            0
          ],
          "2027": [
            0,
            0,
            0,
            0,
            0,
            0,
            0,
            0,
            0,
            0.19999999999999996,
            0,
            0
          ],
          "2028": [
            0,
            0,
            0,
            0,
            0,
            0,
            0,
            0,
            0,
            0,
            0,
            0
          ]
        },
        "downtimeChance": {
          "2018": [
            0,
            0,
            0,
            0,
            0,
            0,
            0,
            0,
            0,
            0,
            0,
            0
          ],
          "2019": [
            0,
            0,
            0,
            0,
            0,
            0,
            0,
            0,
            0,
            0,
            0,
            0
          ],
          "2020": [
            0,
            0,
            0,
            0,
            0,
            0,
            0,
            0,
            0,
            0,
            0,
            0
          ],
          "2021": [
            0,
            0,
            0,
            0,
            0,
            0,
            0,
            0,
            0,
            0,
            0.44000000000000006,
            0.8800000000000001
          ],
          "2022": [
            1.3200000000000003,
            1.7600000000000002,
            2.2,
            2.64,
            2.2,
            1.7600000000000002,
            1.3200000000000003,
            0.8800000000000001,
            0.44000000000000006,
            0,
            0,
            0
          ],
          "2023": [
            0,
            0,
            0,
            0,
            0,
            0,
            0,
            0,
            0,
            0,
            0,
            0
          ],
          "2024": [
            0,
            0,
            0,
            0,
            0,
            0,
            0,
            0,
            0,
            0,
            0.19999999999999996,
            0.3999999999999999
          ],
          "2025": [
            0.5999999999999999,
            0.7999999999999998,
            0.9999999999999998,
            1.1999999999999997,
            0.9999999999999998,
            0.7999999999999998,
            0.5999999999999999,
            0.3999999999999999,
            0.19999999999999996,
            0,
            0,
            0
          ],
          "2026": [
            0,
            0,
            0,
            0,
            0,
            0,
            0,
            0,
            0,
            0,
            0,
            0
          ],
          "2027": [
            0,
            0,
            0,
            0,
            0,
            0,
            0,
            0,
            0,
            0,
            0.19999999999999996,
            0.3999999999999999
          ],
          "2028": [
            0.5999999999999999,
            0.7999999999999998,
            0.9999999999999998,
            1.1999999999999997,
            0.9999999999999998,
            0.7999999999999998,
            0.5999999999999999,
            0.3999999999999999,
            0.19999999999999996,
            0,
            0,
            0
          ]
        },
        "projectRental": {
          "2018": [
            0,
            0,
            0,
            0,
            0,
            0,
            0,
            0,
            0,
            25,
            25,
            25
          ],
          "2019": [
            25,
            25,
            25,
            25,
            25,
            25,
            25,
            25,
            25,
            25.5,
            25.5,
            25.5
          ],
          "2020": [
            25.5,
            25.5,
            25.5,
            25.5,
            25.5,
            25.5,
            25.5,
            25.5,
            25.5,
            26.01,
            26.01,
            26.01
          ],
          "2021": [
            26.01,
            26.01,
            26.01,
            26.01,
            26.01,
            26.01,
            26.01,
            26.01,
            26.01,
            29.183220000000002,
            29.183220000000002,
            29.183220000000002
          ],
          "2022": [
            29.183220000000002,
            29.183220000000002,
            29.183220000000002,
            29.183220000000002,
            29.183220000000002,
            29.183220000000002,
            29.183220000000002,
            29.183220000000002,
            29.183220000000002,
            29.766884400000002,
            29.766884400000002,
            29.766884400000002
          ],
          "2023": [
            29.766884400000002,
            29.766884400000002,
            29.766884400000002,
            29.766884400000002,
            29.766884400000002,
            29.766884400000002,
            29.766884400000002,
            29.766884400000002,
            29.766884400000002,
            30.362222088000003,
            30.362222088000003,
            30.362222088000003
          ],
          "2024": [
            30.362222088000003,
            30.362222088000003,
            30.362222088000003,
            30.362222088000003,
            30.362222088000003,
            30.362222088000003,
            30.362222088000003,
            30.362222088000003,
            30.362222088000003,
            30.969466529760005,
            30.969466529760005,
            30.969466529760005
          ],
          "2025": [
            30.969466529760005,
            30.969466529760005,
            30.969466529760005,
            30.969466529760005,
            30.969466529760005,
            30.969466529760005,
            30.969466529760005,
            30.969466529760005,
            30.969466529760005,
            31.588855860355206,
            31.588855860355206,
            31.588855860355206
          ],
          "2026": [
            31.588855860355206,
            31.588855860355206,
            31.588855860355206,
            31.588855860355206,
            31.588855860355206,
            31.588855860355206,
            31.588855860355206,
            31.588855860355206,
            31.588855860355206,
            32.22063297756231,
            32.22063297756231,
            32.22063297756231
          ],
          "2027": [
            32.22063297756231,
            32.22063297756231,
            32.22063297756231,
            32.22063297756231,
            32.22063297756231,
            32.22063297756231,
            32.22063297756231,
            32.22063297756231,
            32.22063297756231,
            32.86504563711355,
            32.86504563711355,
            32.86504563711355
          ],
          "2028": [
            32.86504563711355,
            32.86504563711355,
            32.86504563711355,
            32.86504563711355,
            32.86504563711355,
            32.86504563711355,
            32.86504563711355,
            32.86504563711355,
            32.86504563711355,
            33.522346549855826,
            0,
            0
          ]
        },
        "managementFee": {
          "2018": [
            0,
            0,
            0,
            0,
            0,
            0,
            0,
            0,
            0,
            1,
            1,
            1
          ],
          "2019": [
            1,
            1,
            1,
            1,
            1,
            1,
            1,
            1,
            1,
            1.03,
            1.03,
            1.03
          ],
          "2020": [
            1.03,
            1.03,
            1.03,
            1.03,
            1.03,
            1.03,
            1.03,
            1.03,
            1.03,
            1.0609,
            1.0609,
            1.0609
          ],
          "2021": [
            1.0609,
            1.0609,
            1.0609,
            1.0609,
            1.0609,
            1.0609,
            1.0609,
            1.0609,
            1.0609,
            1.092727,
            1.092727,
            1.092727
          ],
          "2022": [
            1.092727,
            1.092727,
            1.092727,
            1.092727,
            1.092727,
            1.092727,
            1.092727,
            1.092727,
            1.092727,
            1.1255088100000001,
            1.1255088100000001,
            1.1255088100000001
          ],
          "2023": [
            1.1255088100000001,
            1.1255088100000001,
            1.1255088100000001,
            1.1255088100000001,
            1.1255088100000001,
            1.1255088100000001,
            1.1255088100000001,
            1.1255088100000001,
            1.1255088100000001,
            1.1592740743,
            1.1592740743,
            1.1592740743
          ],
          "2024": [
            1.1592740743,
            1.1592740743,
            1.1592740743,
            1.1592740743,
            1.1592740743,
            1.1592740743,
            1.1592740743,
            1.1592740743,
            1.1592740743,
            1.1940522965290001,
            1.1940522965290001,
            1.1940522965290001
          ],
          "2025": [
            1.1940522965290001,
            1.1940522965290001,
            1.1940522965290001,
            1.1940522965290001,
            1.1940522965290001,
            1.1940522965290001,
            1.1940522965290001,
            1.1940522965290001,
            1.1940522965290001,
            1.2298738654248702,
            1.2298738654248702,
            1.2298738654248702
          ],
          "2026": [
            1.2298738654248702,
            1.2298738654248702,
            1.2298738654248702,
            1.2298738654248702,
            1.2298738654248702,
            1.2298738654248702,
            1.2298738654248702,
            1.2298738654248702,
            1.2298738654248702,
            1.2667700813876164,
            1.2667700813876164,
            1.2667700813876164
          ],
          "2027": [
            1.2667700813876164,
            1.2667700813876164,
            1.2667700813876164,
            1.2667700813876164,
            1.2667700813876164,
            1.2667700813876164,
            1.2667700813876164,
            1.2667700813876164,
            1.2667700813876164,
            1.304773183829245,
            1.304773183829245,
            1.304773183829245
          ],
          "2028": [
            1.304773183829245,
            1.304773183829245,
            1.304773183829245,
            1.304773183829245,
            1.304773183829245,
            1.304773183829245,
            1.304773183829245,
            1.304773183829245,
            1.304773183829245,
            1.3439163793441222,
            0,
            0
          ]
        },
        "vacancyAllowance": {
          "2015": [
            0,
            0,
            0,
            0,
            0,
            0,
            0,
            0,
            0,
            0,
            0,
            0
          ],
          "2016": [
            0,
            0,
            0,
            0,
            0,
            0,
            0,
            0,
            0,
            0,
            0,
            0
          ],
          "2017": [
            0,
            0,
            0,
            0,
            0,
            0,
            0,
            0,
            0,
            0,
            0,
            0
          ],
          "2018": [
            0,
            0,
            0,
            0,
            0,
            0,
            0,
            0,
            0,
            334619.99999999994,
            334619.99999999994,
            334619.99999999994
          ],
          "2019": [
            334619.99999999994,
            334619.99999999994,
            334619.99999999994,
            334619.99999999994,
            334619.99999999994,
            334619.99999999994,
            334619.99999999994,
            334619.99999999994,
            334619.99999999994,
            170656.19999999995,
            170656.19999999995,
            170656.19999999995
          ],
          "2020": [
            170656.19999999995,
            170656.19999999995,
            170656.19999999995,
            170656.19999999995,
            170656.19999999995,
            170656.19999999995,
            170656.19999999995,
            170656.19999999995,
            170656.19999999995,
            522207.97200000007,
            522207.97200000007,
            522207.97200000007
          ],
          "2021": [
            522207.97200000007,
            522207.97200000007,
            522207.97200000007,
            522207.97200000007,
            522207.97200000007,
            522207.97200000007,
            522207.97200000007,
            522207.97200000007,
            522207.97200000007,
            0,
            0,
            0
          ],
          "2022": [
            0,
            0,
            0,
            0,
            0,
            0,
            0,
            0,
            0,
            0,
            0,
            0
          ],
          "2023": [
            0,
            0,
            0,
            0,
            0,
            0,
            0,
            0,
            0,
            0,
            0,
            0
          ],
          "2024": [
            0,
            0,
            0,
            0,
            0,
            0,
            0,
            0,
            0,
            0,
            0,
            0
          ],
          "2025": [
            0,
            0,
            0,
            0,
            0,
            0,
            0,
            0,
            0,
            0,
            0,
            0
          ],
          "2026": [
            0,
            0,
            0,
            0,
            0,
            0,
            0,
            0,
            0,
            0,
            0,
            0
          ],
          "2027": [
            0,
            0,
            0,
            0,
            0,
            0,
            0,
            0,
            0,
            0,
            0,
            0
          ],
          "2028": [
            0,
            0,
            0,
            0,
            0,
            0,
            0,
            0,
            0,
            0,
            0,
            0
          ]
        },
        "rentFreeAllowance": {
          "2015": [
            0,
            0,
            0,
            0,
            0,
            0,
            0,
            0,
            0,
            0,
            0,
            0
          ],
          "2016": [
            0,
            0,
            0,
            0,
            0,
            0,
            0,
            0,
            0,
            0,
            0,
            0
          ],
          "2017": [
            0,
            0,
            0,
            0,
            0,
            0,
            0,
            0,
            0,
            0,
            0,
            0
          ],
          "2018": [
            0,
            0,
            0,
            0,
            0,
            0,
            0,
            0,
            0,
            1338480,
            1338480,
            1338480
          ],
          "2019": [
            1338480,
            1338480,
            1338480,
            0,
            0,
            0,
            0,
            0,
            0,
            170656.19999999995,
            170656.19999999995,
            170656.19999999995
          ],
          "2020": [
            170656.19999999995,
            170656.19999999995,
            170656.19999999995,
            0,
            0,
            0,
            0,
            0,
            0,
            0,
            0,
            0
          ],
          "2021": [
            0,
            0,
            0,
            0,
            0,
            0,
            0,
            0,
            0,
            859345.4387232002,
            859345.4387232002,
            859345.4387232002
          ],
          "2022": [
            859345.4387232002,
            859345.4387232002,
            859345.4387232002,
            0,
            0,
            0,
            0,
            0,
            0,
            0,
            0,
            0
          ],
          "2023": [
            0,
            0,
            0,
            0,
            0,
            0,
            0,
            0,
            0,
            0,
            0,
            0
          ],
          "2024": [
            0,
            0,
            0,
            0,
            0,
            0,
            0,
            0,
            0,
            414520.1156075316,
            414520.1156075316,
            414520.1156075316
          ],
          "2025": [
            414520.1156075316,
            414520.1156075316,
            414520.1156075316,
            0,
            0,
            0,
            0,
            0,
            0,
            0,
            0,
            0
          ],
          "2026": [
            0,
            0,
            0,
            0,
            0,
            0,
            0,
            0,
            0,
            0,
            0,
            0
          ],
          "2027": [
            0,
            0,
            0,
            0,
            0,
            0,
            0,
            0,
            0,
            439892.0628436374,
            439892.0628436374,
            439892.0628436374
          ],
          "2028": [
            439892.0628436374,
            439892.0628436374,
            439892.0628436374,
            0,
            0,
            0,
            0,
            0,
            0,
            0,
            0,
            0
          ]
        },
        "downtimeAllowance": {
          "2015": [
            0,
            0,
            0,
            0,
            0,
            0,
            0,
            0,
            0,
            0,
            0,
            0
          ],
          "2016": [
            0,
            0,
            0,
            0,
            0,
            0,
            0,
            0,
            0,
            0,
            0,
            0
          ],
          "2017": [
            0,
            0,
            0,
            0,
            0,
            0,
            0,
            0,
            0,
            0,
            0,
            0
          ],
          "2018": [
            0,
            0,
            0,
            0,
            0,
            0,
            0,
            0,
            0,
            0,
            0,
            0
          ],
          "2019": [
            0,
            0,
            0,
            0,
            0,
            0,
            0,
            0,
            0,
            0,
            0,
            0
          ],
          "2020": [
            0,
            0,
            0,
            0,
            0,
            0,
            0,
            0,
            0,
            0,
            0,
            0
          ],
          "2021": [
            0,
            0,
            0,
            0,
            0,
            0,
            0,
            0,
            0,
            0,
            859345.4387232002,
            1718690.8774464005
          ],
          "2022": [
            2578036.316169601,
            3437381.754892801,
            4296727.193616001,
            5156072.632339201,
            4296727.193616001,
            3437381.754892801,
            2578036.316169601,
            1718690.8774464005,
            859345.4387232002,
            0,
            0,
            0
          ],
          "2023": [
            0,
            0,
            0,
            0,
            0,
            0,
            0,
            0,
            0,
            0,
            0,
            0
          ],
          "2024": [
            0,
            0,
            0,
            0,
            0,
            0,
            0,
            0,
            0,
            0,
            414520.1156075316,
            829040.2312150632
          ],
          "2025": [
            1243560.3468225948,
            1658080.4624301265,
            2072600.578037658,
            2487120.6936451895,
            2072600.578037658,
            1658080.4624301265,
            1243560.3468225948,
            829040.2312150632,
            414520.1156075316,
            0,
            0,
            0
          ],
          "2026": [
            0,
            0,
            0,
            0,
            0,
            0,
            0,
            0,
            0,
            0,
            0,
            0
          ],
          "2027": [
            0,
            0,
            0,
            0,
            0,
            0,
            0,
            0,
            0,
            0,
            439892.0628436374,
            879784.1256872748
          ],
          "2028": [
            1319676.1885309124,
            1759568.2513745497,
            2199460.3142181872,
            2639352.377061825,
            2199460.3142181872,
            1759568.2513745497,
            1319676.1885309124,
            879784.1256872748,
            439892.0628436374,
            0,
            0,
            0
          ]
        }
      }
    ],
    "officeAverageOccupancyRate": {
      "2018": [
        0,
        0,
        0,
        0,
        0,
        0,
        0,
        0,
        0,
        0.8,
        0.8,
        0.8
      ],
      "2019": [
        0.8,
        0.8,
        0.8,
        0.8,
        0.8,
        0.8,
        0.8,
        0.8,
        0.8,
        0.9,
        0.9,
        0.9
      ],
      "2020": [
        0.9,
        0.9,
        0.9,
        0.9,
        0.9,
        0.9,
        0.9,
        0.9,
        0.9,
        0.7,
        0.7,
        0.7
      ],
      "2021": [
        0.7,
        0.7,
        0.7,
        0.7,
        0.7,
        0.7,
        0.7,
        0.7,
        0.7,
        1,
        1,
        1
      ],
      "2022": [
        1,
        1,
        1,
        1,
        1,
        1,
        1,
        1,
        1,
        1,
        1,
        1
      ],
      "2023": [
        1,
        1,
        1,
        1,
        1,
        1,
        1,
        1,
        1,
        1,
        1,
        1
      ],
      "2024": [
        1,
        1,
        1,
        1,
        1,
        1,
        1,
        1,
        1,
        1,
        1,
        1
      ],
      "2025": [
        1,
        1,
        1,
        1,
        1,
        1,
        1,
        1,
        1,
        1,
        1,
        1
      ],
      "2026": [
        1,
        1,
        1,
        1,
        1,
        1,
        1,
        1,
        1,
        1,
        1,
        1
      ],
      "2027": [
        1,
        1,
        1,
        1,
        1,
        1,
        1,
        1,
        1,
        1,
        1,
        1
      ],
      "2028": [
        1,
        1,
        1,
        1,
        1,
        1,
        1,
        1,
        1,
        1,
        0,
        0
      ]
    },
    "status": 1
  }
}