   "addonOutput": {
    "retailLeasingCommission": {
      "2018": [
        0,
        0,
        0,
        0,
        0,
        0,
        0,
        0,
        0,
        0.8,
        0,
        0
      ],
      "2019": [
        0,
        0,
        0,
        0,
        0,
        0,
        0,
        0,
        0,
        0.1,
        0,
        0
      ],
      "2020": [
        0,
        0,
        0,
        0,
        0,
        0,
        0,
        0,
        0,
        0,
        0,
        0
      ],
      "2021": [
        0,
        0,
        0,
        0,
        0,
        0,
        0,
        0,
        0,
        1,
        0,
        0
      ],
      "2022": [
        0,
        0,
        0,
        0,
        0,
        0,
        0,
        0,
        0,
        0,
        0,
        0
      ],
      "2023": [
        0,
        0,
        0,
        0,
        0,
        0,
        0,
        0,
        0,
        0,
        0,
        0
      ],
      "2024": [
        0,
        0,
        0,
        0,
        0,
        0,
        0,
        0,
        0,
        1,
        0,
        0
      ],
      "2025": [
        0,
        0,
        0,
        0,
        0,
        0,
        0,
        0,
        0,
        0,
        0,
        0
      ],
      "2026": [
        0,
        0,
        0,
        0,
        0,
        0,
        0,
        0,
        0,
        0,
        0,
        0
      ],
      "2027": [
        0,
        0,
        0,
        0,
        0,
        0,
        0,
        0,
        0,
        1,
        0,
        0
      ],
      "2028": [
        0,
        0,
        0,
        0,
        0,
        0,
        0,
        0,
        0,
        0,
        0,
        0
      ]
    },
    "tenants": [
      {
        "guid": "9aif57by8",
        "type": "retail",
        "leasingCommission": {
          "2018": [
            0,
            0,
            0,
            0,
            0,
            0,
            0,
            0,
            0,
            33462000,
            0,
            0
          ],
          "2019": [
            0,
            0,
            0,
            0,
            0,
            0,
            0,
            0,
            0,
            4351733.099999999,
            0,
            0
          ],
          "2020": [
            0,
            0,
            0,
            0,
            0,
            0,
            0,
            0,
            0,
            0,
            0,
            0
          ],
          "2021": [
            0,
            0,
            0,
            0,
            0,
            0,
            0,
            0,
            0,
            56996515.89603561,
            0,
            0
          ],
          "2022": [
            0,
            0,
            0,
            0,
            0,
            0,
            0,
            0,
            0,
            0,
            0,
            0
          ],
          "2023": [
            0,
            0,
            0,
            0,
            0,
            0,
            0,
            0,
            0,
            0,
            0,
            0
          ],
          "2024": [
            0,
            0,
            0,
            0,
            0,
            0,
            0,
            0,
            0,
            64187334.2310985,
            0,
            0
          ],
          "2025": [
            0,
            0,
            0,
            0,
            0,
            0,
            0,
            0,
            0,
            0,
            0,
            0
          ],
          "2026": [
            0,
            0,
            0,
            0,
            0,
            0,
            0,
            0,
            0,
            0,
            0,
            0
          ],
          "2027": [
            0,
            0,
            0,
            0,
            0,
            0,
            0,
            0,
            0,
            72285363.60380085,
            0,
            0
          ],
          "2028": [
            0,
            0,
            0,
            0,
            0,
            0,
            0,
            0,
            0,
            0,
            0,
            0
          ]
        }
      }
    ],
    "status": 1
  }
}