      "addonOutput": {
        "CalculateHealthcareRevenueAfterTaxCC": {
          "revenueAfterTax": {
            "2016": [
              0,
              0,
              0,
              0,
              0,
              0,
              0,
              0,
              0,
              0,
              0,
              0
            ],
            "2017": [
              0,
              0,
              0,
              0,
              0,
              0,
              0,
              0,
              0,
              0,
              0,
              0
            ],
            "2018": [
              4170000,
              4170000,
              4170000,
              4170000,
              4170000,
              4170000,
              4170000,
              4170000,
              4170000,
              4170000,
              4170000,
              4130000
            ],
            "2019": [
              2288000,
              2288000,
              2288000,
              2288000,
              2288000,
              2288000,
              2288000,
              2288000,
              2288000,
              2288000,
              2288000,
              2332000
            ],
            "2020": [
              2516800,
              2516800,
              2516800,
              2516800,
              2516800,
              2516800,
              2516800,
              2516800,
              2516800,
              2516800,
              2516800,
              0
            ]
          },
          "status": 0
        },
        "CalculateHealthcareSalesGrossProfitCC": {
          "salesGrossProfit": {
            "2016": [
              0,
              0,
              0,
              0,
              0,
              0,
              0,
              0,
              0,
              0,
              0,
              0
            ],
            "2017": [
              0,
              0,
              0,
              0,
              0,
              0,
              0,
              0,
              0,
              0,
              0,
              0
            ],
            "2018": [
              -45181950000,
              -45181950000,
              -45181950000,
              -45181950000,
              -45181950000,
              -45181950000,
              -45181950000,
              -45181950000,
              -45181950000,
              -45181950000,
              -45181950000,
              -44748550000
            ],
            "2019": [
              -22536592000,
              -22536592000,
              -22536592000,
              -22536592000,
              -22536592000,
              -22536592000,
              -22536592000,
              -22536592000,
              -22536592000,
              -22536592000,
              -22536592000,
              -22969988000
            ],
            "2020": [
              -22536363200,
              -22536363200,
              -22536363200,
              -22536363200,
              -22536363200,
              -22536363200,
              -22536363200,
              -22536363200,
              -22536363200,
              -22536363200,
              -22536363200,
              0
            ]
          },
          "status": 0
        }
      }
    }
  }
}